2942
6049
4476
1956
9981
1577
4084
9165
0717
8664
4609
0105
5618
1718
4595
7260
3317
3462
3776
0804
5522
2215
6106
2915
9839
1906
9231
1345
5683
7204
1213
7874
1768
0900
0121
8780
4124
6032
4685
0033
9874
6521
9782
1100
8991
9024
5566
6891
1808
9227
1759
7336
2620
6979
4512
2338
8820
1778
4855
4285
2832
5509
2333
1122
1249
4294
7416
4932
7341
9210
8677
3307
9165
3599
5351
8631
8118
7373
1485
1342
2510
2377
1853
2632
7085
9930
7767
0204
1949
1735
9212
2484
2555
8673
7759
1677
1120
2432
0881
8557
5705
5086
9888
1059
4891
7249
8621
5565
3863
4172
1647
6850
4201
3399
4595
6849
4986
0267
3907
7498
